0.611 0.079 0.060 0.515 0.141 0.755 0.896 0.672 0.146 0.109 0.523 0.747 0.491 0.098 0.173 0.852
0.315 0.071 0.898 0.446 0.617 0.695 0.005 0.647 0.483 0.386 0.375 0.292 0.544 0.623 0.670 0.225
0.370 0.981 0.594 0.147 0.429 0.024 0.480 0.472 0.246 0.682 0.917 0.508 0.840 0.293 0.537 0.056
0.918 0.290 0.136 0.779 0.462 0.440 0.904 0.146 0.263 0.239 0.648 0.886 0.453 0.532 0.884 0.028
0.525 0.464 0.053 0.684 0.065 0.825 0.261 0.834 0.377 0.998 0.979 0.042 0.048 0.438 0.355 0.466
0.185 0.398 0.959 0.530 0.779 0.272 0.136 0.579 0.771 0.678 0.273 0.136 0.091 0.433 0.575 0.487
0.888 0.949 0.544 0.130 0.894 0.536 0.825 0.232 0.151 0.561 0.394 0.533 0.704 0.600 0.577 0.019
0.319 0.138 0.881 0.061 0.751 0.483 0.873 0.653 0.088 0.213 0.753 0.201 0.089 0.737 0.391 0.602
0.564 0.568 0.684 0.996 0.564 0.358 0.755 0.828 0.939 0.659 0.014 0.249 0.967 0.981 0.003 0.901
0.434 0.641 0.157 0.462 0.013 0.940 0.754 0.065 0.661 0.147 0.118 0.007 0.816 0.009 0.855 0.828
0.150 0.518 0.592 0.389 0.462 0.085 0.107 0.311 0.855 0.577 0.055 0.608 0.003 0.656 0.897 0.681
0.812 0.405 0.841 0.455 0.998 0.594 0.807 0.480 0.528 0.903 0.438 0.026 0.839 0.577 0.403 0.185
0.193 0.449 0.531 0.768 0.051 0.342 0.429 0.089 0.885 0.939 0.506 0.959 0.582 0.993 0.209 0.532
0.559 0.464 0.792 0.947 0.876 0.338 0.528 0.527 0.055 0.097 0.024 0.499 0.004 0.924 0.001 0.222
0.011 0.610 0.272 0.097 0.138 0.442 0.701 0.323 0.335 0.864 0.507 0.278 0.167 0.853 0.050 0.696
0.192 0.727 0.852 0.392 0.469 0.296 0.253 0.909 0.028 0.999 0.376 0.282 0.855 0.821 0.642 0.901
0.099 0.234 0.364 0.076 0.109 0.431 0.469 0.781 0.664 0.739 0.063 0.993 0.988 0.965 0.019 0.892
0.748 0.061 0.648 0.818 0.263 0.101 0.289 0.364 0.142 0.912 0.604 0.940 0.543 0.020 0.681 0.988
0.587 0.683 0.947 0.714 0.701 0.375 0.457 0.843 0.003 0.799 0.548 0.063 0.766 0.458 0.156 0.232
0.725 0.394 0.707 0.305 0.066 0.033 0.094 0.163 0.445 0.589 0.917 0.756 0.122 0.614 0.746 0.731
0.252 0.355 0.675 0.031 0.548 0.450 0.333 0.151 0.018 0.260 0.542 0.240 0.967 0.416 0.566 0.823
0.468 0.104 0.829 0.298 0.960 0.887 0.467 0.182 0.587 0.173 0.976 0.467 0.354 0.636 0.457 0.923
0.492 0.215 0.856 0.822 0.291 0.483 0.451 0.250 0.500 0.488 0.833 0.723 0.722 0.780 0.665 0.689
0.351 0.877 0.701 0.547 0.919 0.518 0.002 0.347 0.513 0.315 0.930 0.145 0.778 0.923 0.283 0.751
0.303 0.943 0.210 0.291 0.381 0.798 0.678 0.772 0.333 0.866 0.558 0.669 0.681 0.370 0.005 0.693
0.721 0.565 0.978 0.668 0.500 0.497 0.571 0.772 0.048 0.173 0.190 0.199 0.258 0.972 0.583 0.961
0.132 0.122 0.537 0.798 0.821 0.044 0.936 0.461 0.604 0.924 0.946 0.647 0.291 0.582 0.070 0.422
0.232 0.870 0.814 0.510 0.781 0.313 0.552 0.413 0.538 0.354 0.804 0.873 0.405 0.094 0.565 0.032
0.601 0.179 0.621 0.750 0.705 0.483 0.276 0.453 0.745 0.139 0.796 0.555 0.767 0.321 0.443 0.528
0.951 0.155 0.711 0.675 0.441 0.571 0.754 0.483 0.587 0.282 0.300 0.725 0.870 0.332 0.668 0.076
0.404 0.267 0.047 0.756 0.874 0.955 0.325 0.721 0.535 0.273 0.619 0.247 0.374 0.776 0.960 0.525
0.558 0.216 0.168 0.475 0.514 0.749 0.757 0.059 0.711 0.217 0.121 0.195 0.672 0.535 0.962 0.346
0.827 0.762 0.463 0.470 0.927 0.258 0.177 0.971 0.952 0.201 0.558 0.272 0.248 0.419 0.314 0.822
0.853 0.985 0.446 0.160 0.601 0.553 0.984 0.033 0.997 0.400 0.626 0.946 0.274 0.440 0.921 0.259
0.824 0.830 0.080 0.787 0.087 0.840 0.953 0.506 0.430 0.433 0.527 0.269 0.162 0.298 0.146 0.290
0.754 0.639 0.741 0.427 0.113 0.335 0.382 0.193 0.891 0.281 0.645 0.338 0.756 0.955 0.358 0.030
0.906 0.406 0.798 0.387 0.543 0.177 0.644 0.211 0.677 0.838 0.604 0.451 0.364 0.713 0.075 0.756
0.015 0.043 0.299 0.073 0.116 0.256 0.428 0.697 0.507 0.792 0.994 0.160 0.338 0.039 0.064 0.374
0.402 0.914 0.134 0.826 0.499 0.814 0.165 0.932 0.588 0.922 0.347 0.150 0.777 0.989 0.016 0.424
0.694 0.937 0.206 0.636 0.046 0.829 0.892 0.409 0.573 0.742 0.101 0.681 0.403 0.820 0.169 0.668
0.047 0.561 0.903 0.067 0.546 0.132 0.750 0.580 0.204 0.670 0.648 0.220 0.476 0.980 0.263 0.310
0.835 0.395 0.316 0.102 0.632 0.055 0.038 0.407 0.652 0.539 0.742 0.559 0.812 0.519 0.544 0.583
0.959 0.476 0.752 0.907 0.349 0.714 0.080 0.755 0.443 0.200 0.253 0.171 0.501 0.790 0.315 0.286
0.387 0.662 0.951 0.801 0.109 0.329 0.982 0.390 0.902 0.790 0.424 0.977 0.888 0.500 0.340 0.163
0.437 0.642 0.100 0.262 0.594 0.775 0.764 0.813 0.622 0.240 0.858 0.755 0.925 0.605 0.838 0.358
0.861 0.895 0.943 0.228 0.288 0.823 0.435 0.000 0.304 0.817 0.218 0.507 0.822 0.466 0.875 0.346
0.279 0.104 0.331 0.771 0.004 0.765 0.146 0.894 0.680 0.078 0.023 0.412 0.150 0.186 0.137 0.171
0.900 0.338 0.361 0.632 0.059 0.106 0.069 0.109 0.017 0.078 0.901 0.423 0.806 0.158 0.387 0.580
0.921 0.732 0.437 0.303 0.021 0.924 0.221 0.769 0.702 0.734 0.859 0.215 0.602 0.693 0.063 0.758
0.687 0.455 0.553 0.857 0.117 0.307 0.523 0.739 0.681 0.899 0.333 0.589 0.250 0.240 0.787 0.277
0.445 0.420 0.114 0.657 0.308 0.686 0.946 0.153 0.205 0.856 0.465 0.757 0.777 0.744 0.674 0.623
0.166 0.129 0.142 0.782 0.560 0.566 0.910 0.719 0.134 0.939 0.414 0.805 0.494 0.644 0.867 0.516
0.560 0.532 0.713 0.895 0.719 0.419 0.610 0.453 0.108 0.668 0.911 0.123 0.541 0.919 0.681 0.574
0.529 0.674 0.801 0.088 0.677 0.972 0.173 0.747 0.787 0.990 0.021 0.840 0.675 0.673 0.488 0.035
0.659 0.209 0.819 0.693 0.046 0.326 0.103 0.081 0.141 0.469 0.581 0.119 0.859 0.256 0.718 0.395
0.914 0.411 0.378 0.750 0.249 0.245 0.793 0.883 0.711 0.953 0.255 0.453 0.551 0.224 0.889 0.618
0.404 0.876 0.144 0.852 0.130 0.961 0.188 0.885 0.511 0.907 0.641 0.667 0.357 0.663 0.593 0.830
0.433 0.568 0.745 0.654 0.364 0.639 0.488 0.709 0.212 0.834 0.092 0.132 0.094 0.484 0.139 0.841
0.397 0.795 0.867 0.719 0.524 0.783 0.481 0.277 0.734 0.192 0.316 0.057 0.635 0.629 0.364 0.608
0.838 0.562 0.856 0.362 0.524 0.772 0.416 0.756 0.436 0.960 0.248 0.116 0.309 0.477 0.890 0.156
0.725 0.109 0.234 0.249 0.707 0.970 0.341 0.462 0.063 0.645 0.787 0.863 0.760 0.851 0.004 0.430
0.422 0.773 0.020 0.294 0.782 0.957 0.849 0.218 0.234 0.642 0.367 0.167 0.560 0.498 0.213 0.169
0.429 0.362 0.403 0.424 0.691 0.347 0.074 0.155 0.306 0.014 0.033 0.047 0.265 0.949 0.814 0.043
0.578 0.257 0.326 0.699 0.826 0.047 0.986 0.235 0.170 0.613 0.928 0.282 0.618 0.627 0.021 0.657
0.976 0.752 0.421 0.046 0.980 0.913 0.565 0.204 0.560 0.716 0.518 0.557 0.662 0.798 0.794 0.225
0.912 0.076 0.431 0.345 0.608 0.881 0.452 0.694 0.929 0.202 0.700 0.980 0.119 0.018 0.417 0.203
0.153 0.449 0.068 0.709 0.991 0.765 0.335 0.176 0.733 0.530 0.582 0.449 0.905 0.698 0.286 0.667
0.395 0.570 0.983 0.326 0.633 0.492 0.431 0.867 0.691 0.080 0.522 0.683 0.630 0.554 0.739 0.334
0.527 0.463 0.666 0.221 0.423 0.517 0.792 0.119 0.309 0.915 0.500 0.584 0.609 0.672 0.156 0.556
0.001 0.435 0.217 0.043 0.862 0.880 0.228 0.539 0.970 0.946 0.637 0.666 0.857 0.645 0.962 0.358
0.709 0.391 0.883 0.036 0.175 0.559 0.669 0.437 0.624 0.641 0.194 0.670 0.984 0.059 0.101 0.172
0.953 0.508 0.402 0.960 0.025 0.211 0.902 0.679 0.149 0.648 0.835 0.929 0.681 0.087 0.293 0.102
0.563 0.086 0.746 0.440 0.966 0.393 0.152 0.257 0.457 0.463 0.396 0.835 0.381 0.071 0.112 0.430
0.442 0.300 0.975 0.680 0.620 0.573 0.870 0.167 0.978 0.646 0.930 0.606 0.114 0.378 0.437 0.908
0.683 0.595 0.279 0.875 0.884 0.957 0.680 0.826 0.043 0.177 0.116 0.298 0.400 0.244 0.200 0.124
0.095 0.053 0.884 0.221 0.291 0.854 0.617 0.723 0.251 0.312 0.352 0.158 0.818 0.840 0.013 0.961
0.656 0.660 0.636 0.053 0.016 0.521 0.639 0.785 0.972 0.968 0.794 0.528 0.915 0.564 0.699 0.270
0.010 0.365 0.756 0.116 0.941 0.475 0.366 0.431 0.335 0.286 0.003 0.185 0.693 0.605 0.498 0.598
0.972 0.564 0.880 0.090 0.543 0.962 0.973 0.187 0.572 0.384 0.493 0.686 0.844 0.721 0.716 0.613
0.074 0.468 0.617 0.045 0.171 0.600 0.886 0.013 0.064 0.492 0.241 0.978 0.701 0.106 0.697 0.990
0.900 0.642 0.926 0.324 0.788 0.507 0.100 0.401 0.282 0.098 0.650 0.567 0.944 0.569 0.519 0.466
0.702 0.490 0.078 0.044 0.716 0.469 0.561 0.530 0.391 0.502 0.971 0.989 0.296 0.674 0.186 0.228
0.126 0.859 0.803 0.256 0.923 0.956 0.658 0.101 0.799 0.128 0.006 0.980 0.817 0.364 0.839 0.821
0.064 0.723 0.453 0.202 0.826 0.696 0.608 0.341 0.294 0.982 0.204 0.863 0.462 0.089 0.622 0.412
0.401 0.489 0.495 0.466 0.396 0.541 0.517 0.385 0.843 0.264 0.493 0.251 0.645 0.704 0.265 0.563
0.363 0.028 0.056 0.298 0.031 0.478 0.972 0.860 0.503 0.645 0.912 0.745 0.687 0.140 0.818 0.240
0.159 0.912 0.016 0.942 0.386 0.664 0.109 0.431 0.238 0.607 0.760 0.484 0.639 0.634 0.103 0.892
0.465 0.220 0.046 0.490 0.416 0.356 0.508 0.850 0.486 0.979 0.120 0.665 0.658 0.566 0.707 0.219
0.038 0.947 0.051 0.741 0.332 0.257 0.041 0.004 0.268 0.360 0.322 0.992 0.334 0.038 0.185 0.515
0.317 0.488 0.322 0.594 0.483 0.603 0.854 0.695 0.170 0.709 0.575 0.573 0.189 0.048 0.837 0.713
0.218 0.806 0.602 0.524 0.275 0.477 0.772 0.138 0.210 0.448 0.058 0.418 0.544 0.303 0.813 0.831
0.608 0.042 0.493 0.224 0.605 0.925 0.741 0.350 0.821 0.513 0.399 0.173 0.789 0.295 0.689 0.925
0.188 0.842 0.178 0.896 0.707 0.940 0.285 0.006 0.555 0.292 0.155 0.973 0.342 0.162 0.829 0.057
0.563 0.935 0.870 0.257 0.204 0.830 0.188 0.085 0.036 0.309 0.275 0.436 0.546 0.727 0.612 0.919
0.608 0.403 0.118 0.851 0.838 0.498 0.301 0.894 0.187 0.061 0.719 0.999 0.301 0.428 0.194 0.984
0.337 0.918 0.977 0.579 0.481 0.708 0.485 0.238 0.495 0.916 0.154 0.883 0.274 0.093 0.202 0.780
0.727 0.224 0.856 0.696 0.152 0.512 0.852 0.780 0.674 0.150 0.726 0.123 0.927 0.860 0.165 0.236
0.673 0.720 0.848 0.859 0.878 0.517 0.256 0.149 0.967 0.867 0.969 0.008 0.839 0.821 0.894 0.557
0.673 0.518 0.033 0.764 0.589 0.663 0.233 0.826 0.088 0.291 0.756 0.381 0.879 0.659 0.447 0.000
0.286 0.797 0.776 0.125 0.301 0.131 0.563 0.525 0.062 0.576 0.290 0.934 0.044 0.652 0.360 0.428
0.014 0.318 0.822 0.806 0.351 0.111 0.683 0.230 0.643 0.339 0.500 0.427 0.099 0.235 0.192 0.788
0.341 0.887 0.711 0.973 0.140 0.329 0.719 0.330 0.371 0.215 0.716 0.717 0.261 0.396 0.856 0.619
0.985 0.754 0.217 0.229 0.763 0.325 0.154 0.312 0.632 0.200 0.533 0.832 0.739 0.643 0.742 0.468
0.625 0.769 0.334 0.911 0.570 0.585 0.519 0.974 0.982 0.781 0.080 0.854 0.338 0.508 0.257 0.207
0.855 0.308 0.569 0.844 0.864 0.962 0.287 0.052 0.865 0.304 0.097 0.510 0.190 0.870 0.616 0.907
0.617 0.755 0.403 0.734 0.439 0.559 0.271 0.650 0.741 0.915 0.262 0.653 0.848 0.547 0.060 0.628
0.437 0.828 0.790 0.085 0.343 0.758 0.904 0.909 0.350 0.498 0.802 0.406 0.037 0.933 0.138 0.627
0.957 0.198 0.973 0.358 0.180 0.835 0.532 0.047 0.481 0.050 0.320 0.717 0.775 0.541 0.322 0.047
0.336 0.096 0.653 0.420 0.381 0.229 0.096 0.926 0.098 0.076 0.946 0.899 0.357 0.200 0.011 0.701
0.413 0.518 0.764 0.718 0.243 0.445 0.784 0.311 0.288 0.366 0.344 0.504 0.313 0.691 0.383 0.095
0.834 0.046 0.197 0.098 0.691 0.820 0.920 0.653 0.706 0.591 0.287 0.538 0.289 0.738 0.650 0.614
0.247 0.517 0.284 0.387 0.706 0.818 0.430 0.976 0.425 0.914 0.579 0.894 0.780 0.931 0.694 0.594
0.068 0.160 0.090 0.759 0.573 0.640 0.476 0.567 0.624 0.907 0.660 0.579 0.232 0.515 0.485 0.972
0.194 0.841 0.035 0.825 0.034 0.707 0.834 0.801 0.881 0.648 0.640 0.886 0.381 0.513 0.016 0.314
0.610 0.611 0.098 0.882 0.385 0.022 0.362 0.114 0.900 0.753 0.212 0.741 0.317 0.544 0.363 0.723
0.054 0.631 0.726 0.786 0.081 0.708 0.409 0.174 0.313 0.089 0.428 0.039 0.574 0.012 0.010 0.882
0.521 0.773 0.715 0.877 0.129 0.476 0.529 0.057 0.269 0.707 0.336 0.614 0.432 0.874 0.657 0.166
0.747 0.474 0.007 0.484 0.890 0.326 0.151 0.637 0.988 0.706 0.083 0.901 0.051 0.578 0.098 0.630
0.535 0.530 0.667 0.809 0.935 0.964 0.673 0.064 0.620 0.362 0.659 0.132 0.985 0.352 0.027 0.978
0.500 0.629 0.670 0.509 0.281 0.355 0.324 0.532 0.679 0.130 0.985 0.091 0.208 0.546 0.612 0.982
0.979 0.480 0.444 0.593 0.895 0.562 0.095 0.688 0.654 0.802 0.298 0.522 0.105 0.144 0.140 0.620
0.660 0.934 0.838 0.548 0.487 0.847 0.956 0.754 0.769 0.330 0.109 0.755 0.627 0.260 0.492 0.726
0.159 0.572 0.081 0.364 0.587 0.793 0.269 0.419 0.564 0.558 0.696 0.388 0.723 0.917 0.650 0.056
0.873 0.779 0.714 0.909 0.241 0.720 0.528 0.383 0.514 0.331 0.291 0.609 0.104 0.449 0.861 0.420
0.773 0.421 0.758 0.742 0.879 0.741 0.602 0.646 0.143 0.184 0.474 0.139 0.440 0.734 0.584 0.508
0.509 0.243 0.528 0.408 0.521 0.459 0.149 0.882 0.911 0.397 0.454 0.406 0.911 0.273 0.330 0.561
0.167 0.059 0.503 0.504 0.613 0.872 0.399 0.230 0.502 0.572 0.010 0.294 0.750 0.658 0.909 0.048
0.652 0.139 0.308 0.588 0.610 0.368 0.497 0.591 0.151 0.378 0.846 0.967 0.123 0.757 0.608 0.210
0.167 0.566 0.885 0.880 0.601 0.090 0.893 0.930 0.883 0.535 0.355 0.931 0.877 0.296 0.818 0.630
0.762 0.704 0.884 0.360 0.804 0.933 0.886 0.594 0.670 0.693 0.974 0.166 0.999 0.614 0.996 0.790
0.457 0.821 0.958 0.226 0.749 0.696 0.625 0.074 0.177 0.097 0.356 0.809 0.667 0.657 0.254 0.698
0.448 0.088 0.062 0.858 0.272 0.017 0.061 0.573 0.706 0.332 0.262 0.009 0.307 0.697 0.931 0.968
0.839 0.398 0.002 0.263 0.511 0.256 0.095 0.048 0.869 0.464 0.587 0.154 0.665 0.072 0.331 0.536
0.047 0.380 0.916 0.151 0.356 0.442 0.077 0.069 0.381 0.288 0.922 0.844 0.634 0.472 0.006 0.472
0.818 0.336 0.838 0.516 0.561 0.227 0.095 0.257 0.470 0.557 0.630 0.963 0.797 0.168 0.147 0.250
0.107 0.515 0.100 0.658 0.822 0.055 0.824 0.261 0.043 0.499 0.100 0.311 0.911 0.095 0.130 0.341
0.840 0.692 0.522 0.876 0.557 0.860 0.968 0.636 0.969 0.667 0.954 0.382 0.625 0.420 0.049 0.071
0.324 0.879 0.912 0.904 0.396 0.591 0.113 0.806 0.308 0.960 0.811 0.395 0.748 0.301 0.830 0.107
0.572 0.183 0.555 0.856 0.202 0.298 0.650 0.138 0.233 0.494 0.211 0.394 0.301 0.265 0.367 0.753
0.123 0.845 0.237 0.871 0.745 0.111 0.099 0.500 0.658 0.761 0.520 0.538 0.307 0.472 0.767 0.882
0.815 0.644 0.745 0.064 0.076 0.697 0.960 0.497 0.568 0.763 0.728 0.220 0.950 0.174 0.311 0.479
0.395 0.761 0.427 0.185 0.516 0.853 0.500 0.259 0.868 0.346 0.089 0.657 0.054 0.284 0.981 0.137
0.742 0.323 0.795 0.972 0.200 0.834 0.783 0.768 0.660 0.256 0.626 0.922 0.189 0.166 0.389 0.155
0.691 0.217 0.693 0.480 0.578 0.681 0.836 0.713 0.249 0.763 0.455 0.335 0.072 0.519 0.328 0.240
0.698 0.512 0.116 0.574 0.449 0.009 0.209 0.524 0.792 0.350 0.217 0.421 0.700 0.402 0.531 0.598
0.765 0.292 0.159 0.837 0.700 0.718 0.503 0.094 0.879 0.785 0.148 0.150 0.534 0.581 0.262 0.034
0.581 0.432 0.050 0.506 0.474 0.544 0.377 0.602 0.419 0.100 0.471 0.206 0.679 0.494 0.420 0.174
0.707 0.157 0.576 0.279 0.552 0.472 0.838 0.427 0.097 0.842 0.286 0.194 0.947 0.518 0.080 0.259
0.865 0.630 0.675 0.498 0.729 0.997 0.730 0.103 0.026 0.564 0.102 0.866 0.464 0.587 0.995 0.179
0.075 0.219 0.439 0.701 0.708 0.043 0.153 0.128 0.422 0.571 0.683 0.953 0.562 0.749 0.197 0.557
0.180 0.156 0.342 0.203 0.783 0.160 0.957 0.441 0.281 0.068 0.026 0.956 0.135 0.487 0.492 0.210
0.054 0.999 0.382 0.557 0.154 0.535 0.929 0.452 0.941 0.642 0.322 0.321 0.169 0.833 0.149 0.622
0.647 0.172 0.799 0.284 0.049 0.149 0.936 0.426 0.453 0.172 0.172 0.134 0.047 0.253 0.156 0.113
0.658 0.514 0.732 0.226 0.771 0.703 0.065 0.535 0.880 0.091 0.870 0.289 0.952 0.760 0.650 0.663
0.815 0.679 0.919 0.805 0.158 0.427 0.876 0.483 0.783 0.348 0.063 0.803 0.690 0.554 0.306 0.926
0.996 0.119 0.081 0.230 0.506 0.802 0.314 0.976 0.440 0.292 0.331 0.839 0.654 0.731 0.615 0.409
0.427 0.627 0.666 0.560 0.895 0.008 0.862 0.454 0.279 0.032 0.819 0.090 0.443 0.124 0.026 0.726
0.527 0.343 0.657 0.634 0.426 0.742 0.906 0.761 0.266 0.623 0.162 0.865 0.273 0.557 0.358 0.935
0.008 0.371 0.709 0.426 0.746 0.660 0.551 0.582 0.240 0.730 0.264 0.608 0.736 0.660 0.156 0.439
0.618 0.615 0.707 0.189 0.662 0.071 0.456 0.204 0.089 0.454 0.389 0.450 0.279 0.703 0.574 0.568
0.186 0.460 0.061 0.898 0.898 0.247 0.463 0.275 0.553 0.592 0.198 0.924 0.186 0.639 0.686 0.199
0.114 0.451 0.726 0.585 0.957 0.361 0.930 0.963 0.246 0.287 0.042 0.084 0.614 0.089 0.505 0.971
0.704 0.718 0.548 0.982 0.440 0.938 0.937 0.874 0.398 0.719 0.278 0.273 0.405 0.714 0.069 0.900
0.942 0.182 0.685 0.989 0.687 0.774 0.154 0.498 0.898 0.629 0.634 0.249 0.268 0.683 0.318 0.452
0.267 0.114 0.828 0.629 0.212 0.981 0.313 0.711 0.990 0.215 0.508 0.604 0.744 0.319 0.626 0.708
0.097 0.266 0.308 0.773 0.054 0.058 0.330 0.319 0.667 0.519 0.632 0.624 0.886 0.105 0.523 0.910
0.794 0.013 0.728 0.145 0.237 0.727 0.560 0.043 0.562 0.386 0.343 0.578 0.687 0.677 0.177 0.031
0.199 0.921 0.041 0.516 0.279 0.995 0.211 0.779 0.988 0.397 0.922 0.785 0.590 0.732 0.817 0.532
0.051 0.179 0.448 0.359 0.731 0.980 0.845 0.929 0.703 0.571 0.576 0.015 0.701 0.168 0.291 0.621
0.940 0.448 0.901 0.581 0.661 0.866 0.970 0.049 0.680 0.566 0.841 0.350 0.488 0.699 0.235 0.552
0.084 0.475 0.893 0.863 0.685 0.890 0.694 0.259 0.235 0.069 0.325 0.629 0.856 0.106 0.333 0.149
0.998 0.649 0.647 0.416 0.095 0.153 0.939 0.902 0.697 0.988 0.466 0.946 0.004 0.527 0.680 0.733
0.403 0.059 0.997 0.506 0.145 0.907 0.092 0.413 0.906 0.667 0.083 0.192 0.837 0.523 0.685 0.463
0.118 0.843 0.758 0.306 0.867 0.023 0.625 0.053 0.412 0.302 0.172 0.361 0.411 0.495 0.049 0.599
0.384 0.206 0.006 0.850 0.122 0.253 0.434 0.376 0.015 0.318 0.412 0.483 0.034 0.996 0.260 0.573
0.694 0.049 0.264 0.907 0.256 0.134 0.544 0.489 0.173 0.439 0.136 0.690 0.640 0.014 0.639 0.485
0.826 0.285 0.254 0.449 0.400 0.358 0.259 0.307 0.002 0.395 0.377 0.543 0.932 0.033 0.899 0.259
0.015 0.346 0.207 0.327 0.666 0.514 0.496 0.078 0.001 0.649 0.247 0.267 0.696 0.864 0.037 0.028
0.203 0.858 0.397 0.261 0.176 0.391 0.194 0.052 0.965 0.093 0.729 0.679 0.780 0.384 0.631 0.663
0.608 0.917 0.962 0.879 0.423 0.652 0.584 0.579 0.134 0.239 0.948 0.302 0.245 0.162 0.645 0.496
0.201 0.113 0.060 0.019 0.141 0.193 0.982 0.933 0.085 0.988 0.957 0.110 0.376 0.940 0.601 0.315
0.077 0.649 0.873 0.670 0.797 0.601 0.965 0.560 0.340 0.696 0.910 0.832 0.349 0.564 0.536 0.596
0.904 0.367 0.142 0.172 0.496 0.786 0.604 0.490 0.799 0.515 0.514 0.530 0.032 0.945 0.723 0.798
0.848 0.117 0.081 0.438 0.032 0.572 0.545 0.540 0.380 0.487 0.598 0.722 0.915 0.349 0.053 0.518
0.981 0.871 0.862 0.293 0.613 0.918 0.337 0.730 0.190 0.837 0.160 0.934 0.800 0.480 0.172 0.790
0.731 0.142 0.121 0.607 0.263 0.528 0.116 0.854 0.371 0.411 0.721 0.149 0.513 0.024 0.647 0.157
0.058 0.213 0.969 0.047 0.213 0.545 0.773 0.803 0.055 0.568 0.389 0.328 0.782 0.765 0.435 0.739
0.453 0.129 0.760 0.323 0.259 0.607 0.256 0.889 0.626 0.302 0.830 0.146 0.624 0.914 0.054 0.831
0.255 0.061 0.193 0.635 0.860 0.864 0.814 0.377 0.174 0.796 0.003 0.572 0.776 0.881 0.556 0.837
0.101 0.455 0.636 0.081 0.642 0.575 0.558 0.536 0.443 0.264 0.760 0.537 0.878 0.211 0.829 0.651
0.871 0.397 0.157 0.452 0.804 0.026 0.149 0.139 0.898 0.313 0.919 0.591 0.695 0.331 0.944 0.758
0.255 0.736 0.307 0.170 0.653 0.833 0.348 0.161 0.177 0.417 0.481 0.080 0.830 0.623 0.956 0.731
0.292 0.938 0.169 0.952 0.351 0.855 0.209 0.019 0.374 0.483 0.356 0.640 0.501 0.387 0.867 0.620
0.963 0.717 0.297 0.254 0.472 0.984 0.877 0.803 0.158 0.350 0.887 0.964 0.630 0.947 0.241 0.645
0.644 0.916 0.698 0.013 0.608 0.831 0.690 0.416 0.977 0.189 0.923 0.913 0.751 0.571 0.717 0.980
0.632 0.698 0.657 0.742 0.112 0.954 0.370 0.836 0.133 0.240 0.944 0.314 0.943 0.367 0.987 0.533
0.571 0.753 0.726 0.605 0.423 0.461 0.376 0.389 0.876 0.425 0.167 0.257 0.377 0.735 0.576 0.281
0.113 0.488 0.738 0.985 0.467 0.462 0.266 0.224 0.488 0.656 0.695 0.963 0.062 0.464 0.043 0.474
0.538 0.145 0.233 0.640 0.976 0.584 0.632 0.915 0.941 0.170 0.077 0.621 0.927 0.764 0.738 0.032
0.592 0.646 0.179 0.095 0.465 0.797 0.754 0.890 0.374 0.472 0.339 0.985 0.074 0.118 0.162 0.899
0.379 0.677 0.013 0.914 0.988 0.271 0.757 0.173 0.504 0.600 0.219 0.062 0.903 0.523 0.917 0.562
0.893 0.019 0.140 0.907 0.495 0.010 0.724 0.221 0.843 0.628 0.414 0.142 0.516 0.472 0.451 0.034
0.785 0.526 0.132 0.529 0.939 0.916 0.904 0.812 0.968 0.467 0.301 0.323 0.126 0.273 0.553 0.046
0.483 0.668 0.259 0.465 0.064 0.554 0.261 0.629 0.188 0.002 0.589 0.442 0.249 0.023 0.399 0.600
0.003 0.454 0.095 0.617 0.681 0.545 0.949 0.667 0.519 0.935 0.689 0.541 0.655 0.643 0.486 0.323
0.915 0.322 0.624 0.407 0.557 0.772 0.816 0.075 0.474 0.659 0.985 0.672 0.174 0.422 0.372 0.193
0.962 0.714 0.155 0.306 0.876 0.471 0.940 0.501 0.934 0.671 0.386 0.176 0.863 0.969 0.819 0.412
0.582 0.494 0.338 0.804 0.094 0.066 0.230 0.710 0.077 0.706 0.910 0.677 0.534 0.663 0.807 0.538
0.099 0.543 0.454 0.697 0.053 0.505 0.814 0.473 0.258 0.941 0.319 0.544 0.140 0.802 0.739 0.580
0.635 0.630 0.825 0.570 0.884 0.049 0.348 0.690 0.801 0.126 0.593 0.280 0.299 0.089 0.541 0.604
0.747 0.607 0.385 0.882 0.242 0.398 0.311 0.051 0.973 0.155 0.489 0.273 0.606 0.359 0.836 0.292
0.329 0.095 0.244 0.951 0.426 0.956 0.022 0.186 0.572 0.779 0.629 0.776 0.250 0.978 0.667 0.134
0.387 0.937 0.884 0.794 0.843 0.884 0.950 0.865 0.040 0.259 0.657 0.626 0.242 0.838 0.433 0.879
0.714 0.657 0.542 0.145 0.228 0.899 0.303 0.390 0.629 0.503 0.433 0.847 0.548 0.936 0.413 0.665
0.639 0.215 0.247 0.294 0.921 0.931 0.525 0.114 0.172 0.917 0.366 0.167 0.490 0.770 0.215 0.048
0.701 0.995 0.922 0.038 0.711 0.917 0.961 0.225 0.947 0.725 0.601 0.863 0.586 0.704 0.514 0.817
0.569 0.962 0.755 0.561 0.832 0.157 0.571 0.705 0.260 0.600 0.713 0.140 0.622 0.161 0.703 0.476
0.737 0.257 0.622 0.957 0.888 0.364 0.944 0.177 0.163 0.483 0.441 0.158 0.091 0.372 0.471 0.864
0.948 0.105 0.220 0.727 0.642 0.111 0.889 0.756 0.668 0.299 0.925 0.630 0.586 0.298 0.306 0.785
0.528 0.885 0.421 0.109 0.730 0.389 0.618 0.798 0.931 0.486 0.426 0.093 0.963 0.175 0.072 0.508
0.849 0.134 0.916 0.443 0.793 0.599 0.190 0.160 0.906 0.656 0.498 0.709 0.249 0.272 0.218 0.056
0.204 0.279 0.522 0.025 0.099 0.141 0.152 0.457 0.348 0.548 0.647 0.910 0.718 0.160 0.050 0.861
0.184 0.163 0.955 0.939 0.484 0.860 0.531 0.727 0.042 0.317 0.883 0.605 0.902 0.783 0.243 0.091
0.567 0.193 0.414 0.166 0.131 0.678 0.986 0.979 0.139 0.444 0.682 0.875 0.449 0.076 0.629 0.209
0.135 0.752 0.769 0.696 0.045 0.173 0.451 0.666 0.232 0.215 0.832 0.374 0.853 0.389 0.101 0.318
0.763 0.747 0.721 0.035 0.603 0.846 0.057 0.564 0.199 0.580 0.826 0.260 0.816 0.404 0.402 0.133
0.281 0.735 0.839 0.051 0.698 0.785 0.721 0.491 0.565 0.639 0.170 0.003 0.683 0.106 0.751 0.469
0.149 0.178 0.308 0.438 0.884 0.236 0.298 0.342 0.733 0.828 0.905 0.694 0.863 0.855 0.260 0.449
0.286 0.756 0.449 0.842 0.399 0.765 0.878 0.419 0.913 0.750 0.216 0.901 0.672 0.029 0.878 0.986
0.044 0.384 0.312 0.295 0.747 0.620 0.201 0.057 0.236 0.239 0.172 0.094 0.114 0.872 0.550 0.432
0.737 0.021 0.147 0.064 0.797 0.508 0.501 0.769 0.011 0.300 0.458 0.875 0.874 0.247 0.498 0.695
0.830 0.241 0.595 0.546 0.405 0.801 0.698 0.458 0.880 0.152 0.277 0.363 0.644 0.469 0.565 0.696
0.689 0.819 0.484 0.808 0.679 0.518 0.117 0.407 0.837 0.454 0.821 0.724 0.795 0.968 0.783 0.844
0.153 0.936 0.228 0.206 0.324 0.666 0.350 0.523 0.277 0.455 0.596 0.308 0.895 0.374 0.994 0.693
0.399 0.827 0.575 0.758 0.422 0.671 0.806 0.380 0.840 0.875 0.543 0.808 0.224 0.896 0.420 0.127
0.044 0.501 0.828 0.867 0.154 0.209 0.421 0.947 0.371 0.147 0.961 0.985 0.025 0.233 0.924 0.200
0.190 0.041 0.232 0.596 0.005 0.586 0.117 0.490 0.243 0.755 0.730 0.525 0.214 0.137 0.969 0.982
0.986 0.772 0.720 0.075 0.824 0.142 0.785 0.925 0.799 0.509 0.614 0.460 0.666 0.884 0.136 0.680
0.844 0.375 0.893 0.054 0.401 0.148 0.074 0.764 0.222 0.470 0.344 0.411 0.838 0.074 0.141 0.352
0.649 0.721 0.868 0.416 0.493 0.296 0.194 0.966 0.956 0.080 0.169 0.713 0.315 0.980 0.868 0.159
0.076 0.360 0.206 0.280 0.196 0.956 0.679 0.679 0.266 0.446 0.941 0.512 0.906 0.630 0.982 0.352
0.691 0.558 0.589 0.465 0.642 0.704 0.171 0.677 0.494 0.234 0.022 0.371 0.837 0.793 0.184 0.513
0.536 0.452 0.397 0.322 0.808 0.336 0.962 0.464 0.339 0.658 0.021 0.873 0.745 0.875 0.673 0.214
0.495 0.966 0.006 0.546 0.325 0.174 0.045 0.993 0.417 0.147 0.175 0.752 0.364 0.722 0.273 0.380
0.070 0.496 0.219 0.991 0.763 0.636 0.490 0.214 0.671 0.323 0.772 0.067 0.515 0.510 0.755 0.462
0.797 0.299 0.626 0.332 0.627 0.047 0.312 0.410 0.495 0.327 0.959 0.952 0.838 0.740 0.732 0.957
0.381 0.284 0.094 0.288 0.955 0.085 0.970 0.225 0.039 0.954 0.886 0.795 0.948 0.213 0.359 0.994
0.880 0.013 0.819 0.415 0.017 0.868 0.349 0.622 0.620 0.232 0.731 0.899 0.469 0.958 0.769 0.256
0.401 0.685 0.861 0.591 0.308 0.149 0.035 0.082 0.911 0.442 0.187 0.698 0.850 0.699 0.144 0.756
0.445 0.983 0.647 0.585 0.964 0.398 0.261 0.368 0.568 0.412 0.855 0.489 0.892 0.320 0.142 0.003
0.524 0.154 0.451 0.677 0.883 0.976 0.774 0.366 0.283 0.358 0.658 0.075 0.434 0.385 0.094 0.153
0.519 0.517 0.324 0.882 0.234 0.684 0.866 0.562 0.457 0.063 0.458 0.342 0.352 0.073 0.731 0.473
0.440 0.190 0.387 0.129 0.251 0.330 0.389 0.797 0.648 0.329 0.661 0.735 0.319 0.577 0.816 0.006
0.621 0.674 0.170 0.822 0.507 0.506 0.965 0.390 0.598 0.178 0.901 0.371 0.549 0.353 0.656 0.935
0.731 0.066 0.835 0.612 0.596 0.971 0.287 0.325 0.879 0.620 0.801 0.369 0.858 0.849 0.385 0.954
0.008 0.095 0.022 0.491 0.724 0.987 0.260 0.351 0.046 0.466 0.512 0.363 0.575 0.272 0.429 0.571
